Job,Operation,Machine,Start,Duration,End
12,0,15,0,34,34
9,2,15,72,20,92
13,6,15,110,11,121
20,4,15,133,38,171
3,5,15,243,23,266
18,6,15,274,29,303
4,11,15,368,32,400
14,1,15,411,15,426
8,6,15,432,26,458
17,9,15,505,22,527
11,6,15,564,18,582
16,13,15,597,16,613
19,0,15,631,26,657
15,10,15,680,19,699
10,12,15,786,28,814
1,5,15,825,35,860
5,11,15,860,17,877
6,12,15,933,25,958
2,13,15,982,12,994
7,13,15,1006,26,1032
12,4,14,100,34,134
18,2,14,144,28,172
13,11,14,205,33,238
4,6,14,241,16,257
20,8,14,262,29,291
3,7,14,295,37,332
10,4,14,345,25,370
8,4,14,373,40,413
11,0,14,417,25,442
9,8,14,501,11,512
17,11,14,555,32,587
15,7,14,587,26,613
16,14,14,613,20,633
7,0,14,633,25,658
6,6,14,751,26,777
19,4,14,779,19,798
5,9,14,820,11,831
14,7,14,831,19,850
1,6,14,862,20,882
2,9,14,882,12,894
13,1,13,12,27,39
5,2,13,78,31,109
9,6,13,194,22,216
12,8,13,223,20,243
4,7,13,257,14,271
8,1,13,271,33,304
6,3,13,304,40,344
20,13,13,385,35,420
17,6,13,423,26,449
3,11,13,449,11,460
10,9,13,467,32,499
15,5,13,562,12,574
16,12,13,583,14,597
11,12,13,702,22,724
7,3,13,725,18,743
2,7,13,828,20,848
14,9,13,885,33,918
1,9,13,923,11,934
18,14,13,981,35,1016
19,14,13,1033,15,1048
20,2,12,76,33,109
5,3,12,109,28,137
13,10,12,174,31,205
12,11,12,313,16,329
10,3,12,329,14,343
8,3,12,343,30,373
16,6,12,438,11,449
4,13,12,453,25,478
3,13,12,500,36,536
17,10,12,536,19,555
15,6,12,575,11,586
19,1,12,661,31,692
7,2,12,692,33,725
11,13,12,725,27,752
9,12,12,780,23,803
6,8,12,810,28,838
18,9,12,876,12,888
1,7,12,888,17,905
14,11,12,949,18,967
2,12,12,967,15,982
12,1,11,34,15,49
9,1,11,53,16,69
3,3,11,176,35,211
18,4,11,211,30,241
13,13,11,269,12,281
4,8,11,295,23,318
6,4,11,344,19,363
17,4,11,377,22,399
20,14,11,420,39,459
15,2,11,476,28,504
16,10,11,528,32,560
8,14,11,670,35,705
5,6,11,726,27,753
11,14,11,753,21,774
10,11,11,774,12,786
19,5,11,798,35,833
2,8,11,857,19,876
1,8,11,905,18,923
7,11,11,944,32,976
14,13,11,1004,32,1036
16,2,10,43,25,68
13,8,10,138,25,163
18,3,10,172,20,192
4,5,10,227,14,241
10,1,10,241,37,278
8,2,10,304,34,338
20,12,10,345,40,385
12,14,10,399,13,412
3,10,10,417,26,443
17,8,10,471,34,505
9,9,10,512,20,532
14,6,10,532,11,543
15,9,10,640,40,680
11,11,10,680,22,702
2,5,10,761,17,778
7,8,10,862,14,876
5,13,10,904,37,941
19,9,10,941,13,954
6,13,10,958,40,998
1,14,10,1005,35,1040
16,0,9,0,15,15
1,2,9,64,13,77
13,4,9,80,11,91
20,3,9,115,17,132
9,4,9,132,26,158
4,3,9,181,23,204
3,6,9,266,29,295
17,2,9,326,37,363
12,13,9,366,33,399
8,5,9,414,12,426
14,3,9,454,32,486
11,3,9,503,14,517
15,14,9,760,34,794
10,13,9,814,31,845
19,7,9,860,29,889
2,10,9,900,16,916
18,11,9,919,12,931
5,14,9,941,29,970
6,14,9,998,35,1033
7,14,9,1033,19,1052
20,1,8,41,34,75
18,0,8,75,36,111
4,0,8,111,40,151
12,6,8,174,17,191
13,12,8,238,31,269
3,8,8,332,38,370
10,5,8,370,30,400
16,5,8,400,38,438
17,7,8,449,22,471
14,4,8,487,20,507
9,10,8,532,23,555
11,7,8,582,14,596
15,8,8,613,27,640
8,13,8,640,30,670
5,7,8,753,29,782
2,6,8,782,38,820
6,9,8,838,36,874
7,10,8,920,23,943
19,11,8,968,26,994
1,13,8,994,11,1005
13,0,7,0,12,12
1,0,7,24,14,38
16,3,7,68,32,100
9,3,7,100,24,124
12,5,7,134,40,174
20,5,7,174,39,213
3,4,7,213,30,243
6,2,7,275,19,294
4,10,7,344,16,360
8,8,7,492,15,507
15,3,7,507,37,544
11,5,7,544,20,564
17,14,7,629,35,664
5,4,7,664,32,696
2,4,7,737,14,751
7,5,7,775,28,803
10,14,7,845,23,868
18,10,7,888,30,918
14,10,7,920,29,949
19,10,7,954,14,968
16,1,6,15,28,43
1,1,6,43,21,64
14,0,6,64,22,86
13,5,6,91,19,110
18,1,6,111,33,144
4,1,6,151,18,169
6,0,6,169,33,202
20,6,6,213,16,229
12,9,6,243,39,282
17,5,6,399,24,423
15,0,6,423,27,450
10,8,6,450,15,465
8,7,6,465,26,491
11,4,6,517,25,542
3,14,6,542,17,559
2,1,6,657,31,688
19,2,6,701,35,736
7,6,6,803,15,818
9,14,6,818,40,858
5,12,6,877,27,904
13,2,5,39,17,56
3,1,5,101,35,136
4,2,5,169,12,181
10,0,5,206,27,233
18,5,5,241,33,274
12,10,5,282,31,313
17,1,5,313,13,326
20,11,5,326,19,345
16,8,5,483,25,508
14,5,5,508,22,530
15,4,5,544,18,562
1,3,5,569,11,580
8,11,5,580,32,612
11,10,5,646,27,673
5,5,5,696,30,726
7,4,5,743,32,775
9,13,5,803,15,818
19,6,5,833,27,860
6,10,5,874,38,912
2,11,5,924,34,958
5,1,4,36,15,51
12,3,4,71,29,100
13,7,4,121,17,138
9,5,4,158,36,194
6,1,4,202,33,235
20,7,4,235,27,262
10,2,4,285,40,325
4,9,4,325,12,337
17,3,4,363,14,377
3,9,4,377,40,417
15,1,4,450,26,476
11,2,4,476,27,503
8,9,4,516,21,537
16,11,4,560,23,583
2,3,4,709,26,735
7,7,4,818,35,853
18,8,4,854,22,876
19,8,4,898,39,937
1,11,4,957,13,970
14,12,4,970,34,1004
5,0,3,1,35,36
9,0,3,36,17,53
13,3,3,56,24,80
3,2,3,136,40,176
12,7,3,191,32,223
8,0,3,249,16,265
20,9,3,291,16,307
10,7,3,434,11,445
16,7,3,449,34,483
4,14,3,483,29,512
17,13,3,616,13,629
11,9,3,629,17,646
15,12,3,723,18,741
19,3,3,741,38,779
6,7,3,779,31,810
7,9,3,876,34,910
1,10,3,934,23,957
18,13,3,968,13,981
2,14,3,994,14,1008
14,14,3,1036,18,1054
20,0,2,1,36,37
13,9,2,163,11,174
17,0,2,296,15,311
12,12,2,329,37,366
16,4,2,385,13,398
4,12,2,406,40,446
3,12,2,460,40,500
10,10,2,500,36,536
8,10,2,540,40,580
1,4,2,580,11,591
11,8,2,600,19,619
2,0,2,619,35,654
15,11,2,699,24,723
9,11,2,751,29,780
5,10,2,832,23,855
14,8,2,855,30,885
6,11,2,912,21,933
18,12,2,933,35,968
7,12,2,981,17,998
19,13,2,1011,22,1033
12,2,1,49,22,71
3,0,1,71,30,101
4,4,1,204,23,227
13,14,1,281,22,303
20,10,1,307,16,323
10,6,1,400,34,434
14,2,1,434,16,450
11,1,1,450,22,472
9,7,1,487,14,501
16,9,1,508,20,528
17,12,1,587,29,616
8,12,1,618,14,632
7,1,1,658,32,690
2,2,1,695,13,708
6,5,1,715,33,748
15,13,1,748,12,760
5,8,1,782,38,820
18,7,1,820,34,854
1,12,1,970,15,985
19,12,1,994,17,1011
