Job,Operation,Machine,Start,Duration,End
16,2,10,76,81,157
30,3,10,236,71,307
12,7,10,314,90,404
4,9,10,478,35,513
10,6,10,526,88,614
25,1,10,685,59,744
23,7,10,812,29,841
2,3,10,929,73,1002
24,3,10,1035,41,1076
22,5,10,1165,65,1230
6,8,10,1242,7,1249
13,7,10,1273,11,1284
26,8,10,1324,10,1334
5,7,10,1456,20,1476
14,9,10,1476,66,1542
11,7,10,1600,5,1605
15,5,10,1666,57,1723
21,5,10,1723,81,1804
17,8,10,1826,29,1855
7,8,10,1864,36,1900
8,6,10,1932,78,2010
27,7,10,2037,96,2133
28,1,10,2204,32,2236
3,10,10,2334,82,2416
1,9,10,2416,96,2512
29,10,10,2589,49,2638
9,8,10,2802,40,2842
19,9,10,2850,22,2872
20,9,10,2872,23,2895
18,9,10,2927,35,2962
17,2,9,30,72,102
22,3,9,148,25,173
12,6,9,250,64,314
30,4,9,314,44,358
16,6,9,371,26,397
23,1,9,454,31,485
4,10,9,513,47,560
10,7,9,614,54,668
11,1,9,713,62,775
25,4,9,901,80,981
29,5,9,1018,45,1063
6,6,9,1113,77,1190
13,6,9,1224,49,1273
24,8,9,1273,97,1370
26,10,9,1370,96,1466
5,8,9,1476,15,1491
14,10,9,1542,47,1589
21,1,9,1591,32,1623
9,2,9,1680,29,1709
15,6,9,1723,93,1816
7,7,9,1816,48,1864
27,5,9,1864,86,1950
8,7,9,2010,41,2051
2,7,9,2103,57,2160
3,8,9,2220,34,2254
1,5,9,2254,77,2331
20,3,9,2338,99,2437
28,6,9,2554,39,2593
19,7,9,2692,94,2786
18,8,9,2866,61,2927
16,1,8,0,76,76
12,3,8,89,82,171
4,3,8,171,62,233
26,1,8,265,36,301
23,2,8,490,84,574
27,4,8,574,27,601
10,9,8,722,32,754
2,1,8,812,31,843
30,8,8,843,33,876
11,4,8,895,69,964
13,1,8,1016,50,1066
29,6,8,1066,69,1135
24,5,8,1135,56,1191
22,7,8,1297,21,1318
14,8,8,1401,69,1470
5,10,8,1541,67,1608
15,4,8,1608,58,1666
8,2,8,1666,76,1742
7,6,8,1751,56,1807
21,7,8,1890,40,1930
17,10,8,1964,64,2028
20,1,8,2145,99,2244
3,9,8,2254,80,2334
19,2,8,2429,43,2472
1,10,8,2512,84,2596
28,7,8,2598,92,2690
9,9,8,2846,13,2859
25,10,8,2859,7,2866
6,10,8,2866,70,2936
18,10,8,2962,34,2996
17,1,7,0,30,30
22,1,7,63,15,78
4,2,7,92,72,164
16,4,7,233,61,294
29,4,7,305,27,332
10,5,7,462,64,526
12,10,7,577,63,640
30,6,7,684,82,766
6,2,7,793,93,886
23,10,7,925,83,1008
25,6,7,1008,40,1048
5,2,7,1104,71,1175
26,6,7,1189,9,1198
14,5,7,1222,56,1278
13,8,7,1284,88,1372
24,9,7,1372,77,1449
15,1,7,1449,47,1496
3,6,7,1578,22,1600
7,5,7,1656,87,1743
11,10,7,1743,93,1836
8,5,7,1848,84,1932
21,8,7,1932,9,1941
1,1,7,1966,89,2055
27,9,7,2231,99,2330
2,10,7,2330,21,2351
28,4,7,2422,81,2503
19,4,7,2544,88,2632
20,6,7,2667,31,2698
18,7,7,2780,86,2866
9,10,7,2866,82,2948
14,2,6,62,39,101
30,2,6,209,26,235
29,3,6,283,22,305
4,6,6,305,75,380
10,4,6,380,82,462
12,9,6,489,88,577
23,3,6,577,37,614
16,8,6,614,22,636
26,4,6,645,77,722
3,2,6,852,71,923
6,4,6,963,93,1056
24,4,6,1076,59,1135
25,8,6,1235,56,1291
13,9,6,1372,31,1403
22,9,6,1403,65,1468
5,9,6,1491,50,1541
11,6,6,1568,32,1600
7,4,6,1649,6,1655
21,4,6,1702,19,1721
17,7,6,1721,95,1816
15,8,6,1887,53,1940
27,6,6,1950,87,2037
2,6,6,2059,39,2098
8,10,6,2123,15,2138
1,8,6,2353,58,2411
20,4,6,2437,98,2535
18,3,6,2572,16,2588
19,5,6,2632,17,2649
9,6,6,2649,88,2737
28,9,6,2758,56,2814
14,1,5,0,62,62
4,1,5,80,11,91
12,4,5,171,7,178
29,1,5,178,93,271
16,5,5,294,77,371
26,3,5,371,54,425
24,1,5,425,80,505
17,6,5,570,92,662
10,8,5,668,54,722
23,6,5,723,89,812
11,3,5,815,72,887
30,10,5,969,99,1068
13,2,5,1068,28,1096
5,3,5,1183,12,1195
22,6,5,1231,64,1295
25,9,5,1295,88,1383
7,1,5,1519,26,1545
21,3,5,1638,55,1693
8,4,5,1818,30,1848
2,4,5,1943,15,1958
15,10,5,1958,79,2037
1,3,5,2113,97,2210
3,7,5,2210,10,2220
27,10,5,2330,70,2400
19,3,5,2472,72,2544
18,4,5,2597,85,2682
6,9,5,2682,58,2740
9,7,5,2740,54,2794
28,10,5,2814,52,2866
20,10,5,2895,89,2984
12,2,4,78,11,89
17,3,4,102,43,145
26,2,4,303,58,361
10,3,4,373,6,379
4,7,4,380,7,387
27,2,4,399,92,491
23,4,4,614,24,638
16,10,4,694,78,772
30,7,4,773,68,841
25,3,4,845,50,895
6,3,4,895,68,963
3,4,4,965,70,1035
13,3,4,1096,35,1131
24,6,4,1191,38,1229
14,6,4,1280,97,1377
5,6,4,1381,75,1456
22,10,4,1468,55,1523
7,2,4,1551,27,1578
11,8,4,1606,61,1667
9,1,4,1667,13,1680
8,3,4,1742,76,1818
15,7,4,1818,69,1887
21,9,4,1941,37,1978
2,9,4,2245,85,2330
1,6,4,2331,5,2336
28,3,4,2336,85,2421
29,7,4,2424,60,2484
18,2,4,2496,74,2570
20,7,4,2698,74,2772
19,8,4,2786,64,2850
12,1,3,0,78,78
22,2,3,78,70,148
30,1,3,148,61,209
29,2,3,271,12,283
4,5,3,288,17,305
10,2,3,362,6,368
16,7,3,397,74,471
27,3,3,498,73,571
23,5,3,638,85,723
26,5,3,723,8,731
6,1,3,763,29,792
3,1,3,800,48,848
2,2,3,848,81,929
25,7,3,1048,71,1119
14,4,3,1178,14,1192
13,5,3,1197,27,1224
24,7,3,1234,30,1264
5,5,3,1287,94,1381
15,2,3,1496,41,1537
11,9,3,1673,67,1740
9,4,3,1784,81,1865
17,9,3,1865,99,1964
21,10,3,1978,40,2018
8,9,3,2087,36,2123
7,10,3,2123,82,2205
1,4,3,2210,44,2254
20,2,3,2254,84,2338
28,5,3,2503,41,2544
18,6,3,2699,81,2780
19,10,3,2872,42,2914
12,5,2,178,72,250
4,8,2,387,91,478
17,5,2,554,16,570
16,9,2,636,58,694
10,10,2,754,26,780
11,2,2,780,35,815
23,8,2,841,44,885
30,9,2,885,84,969
25,5,2,991,17,1008
22,4,2,1008,46,1054
6,5,2,1056,57,1113
13,4,2,1131,66,1197
5,4,2,1197,90,1287
26,9,2,1337,29,1366
14,7,2,1387,7,1394
24,10,2,1449,80,1529
3,5,2,1529,49,1578
7,3,2,1585,63,1648
8,1,2,1654,8,1662
21,6,2,1804,81,1885
15,9,2,1940,18,1958
2,5,2,1968,87,2055
1,2,2,2055,58,2113
27,8,2,2133,98,2231
28,2,2,2237,95,2332
19,1,2,2332,97,2429
18,1,2,2459,35,2494
29,8,2,2494,7,2501
9,5,2,2569,78,2647
20,5,2,2647,20,2667
16,3,1,157,76,233
4,4,1,233,55,288
10,1,1,305,52,357
27,1,1,363,28,391
12,8,1,404,85,489
17,4,1,489,65,554
30,5,1,594,21,615
25,2,1,754,91,845
23,9,1,885,40,925
3,3,1,925,40,965
11,5,1,965,62,1027
24,2,1,1027,8,1035
5,1,1,1038,64,1102
14,3,1,1102,76,1178
6,7,1,1190,52,1242
26,7,1,1271,45,1316
22,8,1,1322,77,1399
13,10,1,1403,44,1447
15,3,1,1541,64,1605
21,2,1,1627,6,1633
9,3,1,1709,75,1784
7,9,1,1900,95,1995
8,8,1,2051,36,2087
2,8,1,2163,77,2240
1,7,1,2339,9,2348
29,9,1,2501,88,2589
19,6,1,2649,43,2692
18,5,1,2692,7,2699
28,8,1,2699,59,2758
20,8,1,2776,92,2868
