Job,Operation,Machine,Start,Duration,End
13,2,10,39,16,55
20,1,10,130,23,153
29,3,10,188,7,195
9,3,10,223,84,307
19,3,10,307,85,392
21,8,10,398,83,481
24,4,10,490,59,549
2,9,10,565,89,654
14,7,10,654,99,753
1,3,10,753,12,765
12,9,10,765,13,778
16,1,10,778,64,842
6,8,10,896,60,956
17,7,10,1043,59,1102
7,1,10,1102,31,1133
23,2,10,1234,29,1263
22,8,10,1406,59,1465
26,5,10,1465,82,1547
28,1,10,1581,35,1616
11,8,10,1668,68,1736
30,4,10,1736,80,1816
5,8,10,1821,38,1859
18,9,10,1859,5,1864
25,1,10,1939,7,1946
10,9,10,1948,35,1983
3,10,10,2146,5,2151
15,3,10,2156,62,2218
27,6,10,2222,65,2287
4,7,10,2301,73,2374
8,9,10,2453,63,2516
14,2,9,33,82,115
20,3,9,172,34,206
21,3,9,227,10,237
29,5,9,280,60,340
12,1,9,383,71,454
2,8,9,473,92,565
24,6,9,608,78,686
9,8,9,686,93,779
6,7,9,779,9,788
16,2,9,854,45,899
17,5,9,930,52,982
1,7,9,982,14,996
22,1,9,1007,54,1061
5,4,9,1215,42,1257
10,5,9,1321,31,1352
27,2,9,1377,27,1404
23,6,9,1432,68,1500
8,4,9,1530,44,1574
11,6,9,1574,20,1594
18,5,9,1600,76,1676
30,3,9,1709,27,1736
26,9,9,1758,72,1830
3,3,9,1830,66,1896
28,6,9,1896,45,1941
4,5,9,2212,43,2255
13,10,9,2255,43,2298
7,8,9,2307,53,2360
15,7,9,2366,27,2393
19,9,9,2393,80,2473
25,10,9,2496,66,2562
6,2,8,72,31,103
29,2,8,104,84,188
19,2,8,241,58,299
21,6,8,352,37,389
24,1,8,415,53,468
9,5,8,480,90,570
2,10,8,654,69,723
26,1,8,752,24,776
12,10,8,778,48,826
14,10,8,852,57,909
17,4,8,909,21,930
16,4,8,930,80,1010
22,4,8,1174,88,1262
5,5,8,1262,23,1285
10,4,8,1285,36,1321
7,5,8,1324,86,1410
27,3,8,1410,43,1453
18,2,8,1478,43,1521
23,8,8,1569,23,1592
11,7,8,1594,74,1668
20,5,8,1673,79,1752
30,6,8,1822,39,1861
28,5,8,1866,30,1896
3,4,8,1896,7,1903
1,9,8,1904,44,1948
25,3,8,2011,90,2101
15,1,8,2101,7,2108
13,5,8,2108,11,2119
8,6,8,2265,85,2350
4,8,8,2380,97,2477
21,5,7,309,43,352
2,7,7,386,87,473
24,3,7,473,17,490
30,2,7,490,29,519
14,5,7,519,32,551
11,3,7,553,49,602
12,6,7,660,59,719
19,6,7,719,94,813
29,8,7,845,94,939
6,10,7,1035,43,1078
16,7,7,1095,38,1133
17,9,7,1133,47,1180
7,3,7,1211,16,1227
22,5,7,1262,84,1346
23,5,7,1346,86,1432
8,3,7,1471,59,1530
26,6,7,1547,82,1629
18,6,7,1676,20,1696
5,6,7,1700,55,1755
3,1,7,1769,48,1817
1,8,7,1830,66,1896
10,8,7,1896,52,1948
25,2,7,1948,62,2010
13,4,7,2018,87,2105
4,3,7,2112,41,2153
20,9,7,2161,9,2170
28,10,7,2180,21,2201
9,10,7,2210,45,2255
15,5,7,2306,21,2327
27,8,7,2370,99,2469
14,1,6,0,33,33
2,2,6,43,38,81
29,1,6,81,23,104
9,2,6,153,61,214
10,1,6,314,11,325
19,4,6,392,64,456
12,2,6,456,7,463
11,1,6,484,17,501
21,10,6,549,52,601
1,4,6,765,97,862
24,10,6,862,12,874
26,4,6,920,42,962
6,9,6,962,73,1035
5,2,6,1126,5,1131
17,10,6,1180,43,1223
16,9,6,1223,80,1303
7,6,6,1410,21,1431
27,4,6,1453,20,1473
22,10,6,1493,42,1535
23,9,6,1592,62,1654
18,7,6,1696,88,1784
28,4,6,1827,35,1862
3,7,6,1958,61,2019
4,1,6,2019,19,2038
30,10,6,2038,66,2104
25,4,6,2104,83,2187
13,9,6,2187,64,2251
20,10,6,2251,59,2310
15,6,6,2327,39,2366
8,8,6,2418,32,2450
13,3,5,55,39,94
9,1,5,141,11,152
29,4,5,195,85,280
2,6,5,328,58,386
21,9,5,481,68,549
6,5,5,549,25,574
12,5,5,579,76,655
1,2,5,672,75,747
14,8,5,753,91,844
24,9,5,847,13,860
17,3,5,867,40,907
16,6,5,1077,18,1095
22,3,5,1095,79,1174
23,1,5,1174,56,1230
7,4,5,1230,94,1324
10,6,5,1352,47,1399
18,1,5,1400,77,1477
27,5,5,1477,71,1548
20,4,5,1589,75,1664
11,9,5,1736,10,1746
30,5,5,1816,6,1822
3,2,5,1822,8,1830
26,10,5,1830,33,1863
5,9,5,1863,37,1900
28,8,5,1949,82,2031
4,4,5,2153,59,2212
15,4,5,2218,88,2306
25,8,5,2357,81,2438
19,10,5,2473,47,2520
8,10,5,2520,30,2550
2,4,4,161,82,243
21,4,4,243,66,309
9,4,4,309,16,325
6,3,4,359,95,454
12,3,4,463,29,492
11,2,4,511,34,545
14,6,4,551,99,650
24,7,4,686,64,750
17,2,4,792,72,864
16,3,4,905,24,929
29,9,4,949,83,1032
5,1,4,1051,75,1126
7,2,4,1133,78,1211
23,3,4,1263,36,1299
8,1,4,1319,86,1405
22,9,4,1465,28,1493
28,2,4,1617,92,1709
26,8,4,1712,46,1758
20,6,4,1758,26,1784
18,8,4,1784,70,1854
10,7,4,1872,20,1892
3,6,4,1917,41,1958
1,10,4,1958,12,1970
30,9,4,1971,66,2037
4,2,4,2038,74,2112
13,6,4,2119,32,2151
25,6,4,2272,69,2341
19,8,4,2341,49,2390
15,8,4,2393,91,2484
27,10,4,2493,64,2557
6,1,3,0,72,72
14,3,3,115,92,207
21,2,3,207,20,227
19,1,3,227,14,241
2,5,3,243,85,328
10,2,3,328,28,356
29,7,3,356,52,408
30,1,3,415,70,485
24,5,3,549,59,608
1,1,3,629,38,667
12,7,3,719,17,736
17,1,3,771,15,786
26,2,3,786,65,851
16,5,3,1010,67,1077
5,3,3,1141,70,1211
22,7,3,1352,54,1406
8,2,3,1406,65,1471
23,7,3,1500,69,1569
18,4,3,1569,31,1600
11,10,3,1746,77,1823
3,5,3,1903,14,1917
28,7,3,1941,8,1949
20,7,3,2055,96,2151
13,7,3,2151,15,2166
9,9,3,2166,44,2210
4,6,3,2255,42,2297
27,7,3,2297,73,2370
7,10,3,2370,64,2434
25,9,3,2438,58,2496
15,10,3,2526,69,2595
13,1,2,0,39,39
2,3,2,81,80,161
20,2,2,161,11,172
14,4,2,207,83,290
29,6,2,341,15,356
21,7,2,389,9,398
24,2,2,468,5,473
12,4,2,492,85,577
9,6,2,578,30,608
11,4,2,608,84,692
19,5,2,692,26,718
6,6,2,720,56,776
26,3,2,851,69,920
1,6,2,946,29,975
22,2,2,1069,26,1095
17,8,2,1104,24,1128
16,10,2,1303,44,1347
27,1,2,1363,10,1373
18,3,2,1521,40,1561
8,5,2,1574,33,1607
23,10,2,1654,16,1670
5,7,2,1763,48,1811
30,7,2,1861,79,1940
10,10,2,1983,49,2032
3,9,2,2062,84,2146
28,9,2,2146,34,2180
25,5,2,2187,85,2272
7,9,2,2360,7,2367
4,9,2,2480,8,2488
15,9,2,2488,38,2526
2,1,1,0,43,43
21,1,1,128,75,203
6,4,1,462,79,541
9,7,1,617,60,677
12,8,1,738,17,755
24,8,1,755,82,837
14,9,1,844,8,852
1,5,1,862,76,938
17,6,1,984,51,1035
29,10,1,1035,6,1041
16,8,1,1133,88,1221
10,3,1,1246,32,1278
23,4,1,1299,40,1339
22,6,1,1346,6,1352
11,5,1,1479,85,1564
26,7,1,1629,83,1712
28,3,1,1712,38,1750
18,10,1,1864,32,1896
5,10,1,1900,7,1907
30,8,1,1940,28,1968
3,8,1,2019,43,2062
15,2,1,2108,48,2156
20,8,1,2156,5,2161
13,8,1,2166,19,2185
7,7,1,2202,97,2299
19,7,1,2304,32,2336
25,7,1,2341,16,2357
8,7,1,2357,61,2418
27,9,1,2469,24,2493
4,10,1,2493,96,2589
