Job,Operation,Machine,Start,Duration,End
47,4,10,49,29,78
48,5,10,92,38,130
45,4,10,130,69,199
32,2,10,199,35,234
26,2,10,234,23,257
11,1,10,315,57,372
43,6,10,372,19,391
10,9,10,398,84,482
40,3,10,505,20,525
44,4,10,584,71,655
12,3,10,675,83,758
29,9,10,927,37,964
6,6,10,985,14,999
4,7,10,1017,88,1105
16,3,10,1110,20,1130
34,6,10,1218,44,1262
27,5,10,1380,78,1458
38,8,10,1530,94,1624
13,3,10,1624,48,1672
24,7,10,1703,19,1722
20,2,10,1832,96,1928
3,9,10,2084,60,2144
8,10,10,2144,72,2216
7,4,10,2235,100,2335
17,8,10,2335,86,2421
42,5,10,2421,77,2498
1,4,10,2499,11,2510
36,6,10,2584,95,2679
9,6,10,2728,22,2750
2,7,10,2750,61,2811
15,5,10,2877,63,2940
37,1,10,2956,85,3041
30,7,10,3083,20,3103
39,4,10,3137,56,3193
28,10,10,3233,22,3255
22,10,10,3349,53,3402
50,9,10,3462,82,3544
49,9,10,3544,10,3554
35,3,10,3660,94,3754
41,5,10,3754,11,3765
31,10,10,3774,19,3793
33,7,10,3793,77,3870
5,7,10,3941,60,4001
46,9,10,4031,36,4067
14,8,10,4079,67,4146
21,6,10,4154,13,4167
23,10,10,4206,22,4228
18,8,10,4239,78,4317
19,10,10,4334,82,4416
25,10,10,4416,54,4470
47,3,9,37,12,49
48,4,9,65,27,92
10,3,9,92,59,151
41,1,9,160,87,247
43,5,9,283,85,368
39,2,9,368,22,390
40,2,9,497,8,505
26,9,9,562,84,646
29,5,9,662,89,751
44,9,9,881,67,948
16,1,9,961,77,1038
12,9,9,1049,93,1142
4,9,9,1142,89,1231
34,8,9,1270,73,1343
17,1,9,1343,68,1411
45,10,9,1411,40,1451
24,4,9,1456,81,1537
13,2,9,1566,53,1619
27,10,9,1619,46,1665
38,10,9,1665,74,1739
50,6,9,1739,56,1795
3,6,9,1923,95,2018
8,7,9,2029,66,2095
20,6,9,2095,50,2145
1,1,9,2312,100,2412
6,9,9,2412,25,2437
7,8,9,2480,75,2555
36,5,9,2555,29,2584
2,5,9,2619,29,2648
15,2,9,2661,94,2755
9,7,9,2755,12,2767
32,9,9,2767,63,2830
22,2,9,3007,18,3025
28,5,9,3025,92,3117
11,10,9,3117,27,3144
30,10,9,3243,80,3323
49,4,9,3423,9,3432
25,4,9,3436,72,3508
31,4,9,3508,99,3607
35,2,9,3633,18,3651
37,10,9,3651,65,3716
5,4,9,3799,60,3859
19,1,9,3864,29,3893
46,6,9,3939,2,3941
33,10,9,3955,39,3994
23,7,9,4016,89,4105
42,6,9,4105,48,4153
14,9,9,4153,28,4181
18,7,9,4181,50,4231
21,8,9,4272,70,4342
48,3,8,60,5,65
45,2,8,65,39,104
43,2,8,127,19,146
47,9,8,208,22,230
10,8,8,319,79,398
26,6,8,405,27,432
29,2,8,432,89,521
12,1,8,526,81,607
40,6,8,648,5,653
6,2,8,783,9,792
4,5,8,868,50,918
44,10,8,948,37,985
34,3,8,985,79,1064
50,3,8,1109,17,1126
16,4,8,1130,100,1230
27,4,8,1284,90,1374
38,6,8,1472,18,1490
17,4,8,1552,84,1636
11,6,8,1660,10,1670
13,5,8,1700,74,1774
24,10,8,1801,7,1808
3,4,8,1836,19,1855
8,4,8,1908,12,1920
20,7,8,2145,60,2205
21,1,8,2244,68,2312
7,5,8,2335,54,2389
1,2,8,2418,30,2448
2,4,8,2570,39,2609
36,8,8,2776,28,2804
9,9,8,2830,81,2911
28,4,8,2948,68,3016
15,9,8,3032,26,3058
22,4,8,3091,9,3100
30,8,8,3111,77,3188
39,6,8,3196,64,3260
49,2,8,3282,47,3329
37,8,8,3331,93,3424
25,5,8,3508,35,3543
14,4,8,3610,49,3659
31,7,8,3671,15,3686
33,4,8,3706,27,3733
41,6,8,3768,13,3781
46,2,8,3791,73,3864
35,7,8,3864,74,3938
5,8,8,4001,40,4041
32,10,8,4041,52,4093
23,8,8,4105,69,4174
42,8,8,4181,66,4247
19,8,8,4260,53,4313
18,10,8,4323,89,4412
10,1,7,12,62,74
47,8,7,151,57,208
48,7,7,230,48,278
43,4,7,278,5,283
26,4,7,299,53,352
2,2,7,352,20,372
11,3,7,471,2,473
18,3,7,479,6,485
29,3,7,521,71,592
4,2,7,690,70,760
6,1,7,760,23,783
44,8,7,840,41,881
12,6,7,926,87,1013
50,2,7,1079,27,1106
34,5,7,1119,98,1217
45,7,7,1229,57,1286
24,2,7,1363,19,1382
17,2,7,1411,62,1473
27,8,7,1502,86,1588
38,9,7,1624,41,1665
13,7,7,1846,77,1923
8,5,7,1923,56,1979
16,7,7,2039,17,2056
3,10,7,2144,80,2224
30,5,7,2239,62,2301
42,3,7,2315,43,2358
7,7,7,2430,50,2480
9,2,7,2482,90,2572
32,7,7,2608,66,2674
1,10,7,2710,94,2804
15,4,7,2804,73,2877
36,10,7,2877,89,2966
22,1,7,2966,41,3007
37,2,7,3042,56,3098
39,3,7,3098,39,3137
28,8,7,3144,77,3221
49,8,7,3540,1,3541
25,6,7,3543,32,3575
31,5,7,3607,59,3666
14,5,7,3666,51,3717
33,5,7,3743,41,3784
20,10,7,3784,78,3862
46,3,7,3867,17,3884
23,4,7,3884,73,3957
41,9,7,3957,32,3989
35,9,7,4004,6,4010
5,10,7,4052,25,4077
19,9,7,4313,21,4334
21,9,7,4342,27,4369
40,10,7,4369,88,4457
48,1,6,0,53,53
47,5,6,78,28,106
45,6,6,245,20,265
10,7,6,290,29,319
11,2,6,372,99,471
36,3,6,473,51,524
40,4,6,525,38,563
44,5,6,655,35,690
29,7,6,823,78,901
12,5,6,901,25,926
6,7,6,999,30,1029
43,9,6,1046,87,1133
50,4,6,1133,64,1197
4,10,6,1231,33,1264
34,7,6,1264,6,1270
24,1,6,1270,93,1363
38,4,6,1363,38,1401
27,7,6,1496,2,1498
13,1,6,1498,65,1563
3,1,6,1595,80,1675
16,6,6,1958,77,2035
20,5,6,2041,54,2095
8,8,6,2095,39,2134
7,3,6,2159,76,2235
17,9,6,2421,60,2481
32,6,6,2568,32,2600
1,7,6,2613,41,2654
28,2,6,2774,61,2835
9,10,6,2911,52,2963
15,10,6,3058,42,3100
37,3,6,3100,54,3154
39,5,6,3193,3,3196
30,9,6,3196,47,3243
22,9,6,3308,41,3349
25,3,6,3385,51,3436
14,2,6,3498,37,3535
49,10,6,3554,5,3559
41,2,6,3615,44,3659
31,6,6,3666,5,3671
23,1,6,3782,9,3791
33,6,6,3791,2,3793
35,5,6,3793,42,3835
19,2,6,3899,5,3904
5,6,6,3937,4,3941
46,7,6,3941,68,4009
26,10,6,4092,49,4141
42,7,6,4153,23,4176
21,7,6,4176,96,4272
2,10,6,4272,47,4319
18,9,6,4319,4,4323
27,1,5,13,4,17
47,2,5,20,17,37
48,2,5,53,7,60
2,1,5,73,81,154
10,5,5,217,41,258
26,3,5,258,41,299
18,1,5,332,71,403
36,2,5,403,70,473
44,3,5,554,30,584
4,1,5,594,86,680
29,6,5,751,72,823
34,1,5,872,66,938
50,1,5,1029,49,1078
12,10,5,1142,1,1143
43,10,5,1143,70,1213
16,5,5,1230,1,1231
45,8,5,1290,51,1341
38,5,5,1401,71,1472
17,3,5,1473,79,1552
13,4,5,1672,28,1700
24,9,5,1748,53,1801
8,6,5,1979,50,2029
3,8,5,2062,22,2084
7,2,5,2084,75,2159
30,4,5,2159,72,2231
20,9,5,2255,65,2320
21,2,5,2320,15,2335
6,8,5,2403,1,2404
1,3,5,2452,42,2494
33,2,5,2545,68,2613
32,8,5,2674,89,2763
9,8,5,2767,63,2830
11,7,5,2915,14,2929
15,6,5,2940,8,2948
22,3,5,3025,66,3091
28,7,5,3132,12,3144
39,7,5,3260,74,3334
49,3,5,3336,81,3417
37,9,5,3424,17,3441
31,3,5,3442,66,3508
5,3,5,3713,86,3799
35,6,5,3841,17,3858
41,8,5,3865,88,3953
23,5,5,3957,12,3969
46,8,5,4009,22,4031
14,7,5,4036,38,4074
19,6,5,4115,91,4206
40,9,5,4227,89,4316
25,9,5,4358,58,4416
42,10,5,4416,68,4484
45,1,4,2,63,65
10,2,4,83,9,92
47,7,4,113,38,151
43,3,4,151,69,220
32,3,4,234,86,320
39,1,4,329,30,359
2,3,4,372,96,468
11,4,4,473,17,490
26,8,4,494,68,562
40,5,4,563,85,648
44,7,4,765,75,840
29,8,4,901,23,924
34,2,4,943,42,985
12,8,4,1042,7,1049
4,8,4,1107,25,1132
18,5,4,1209,69,1278
38,2,4,1278,17,1295
24,3,4,1382,74,1456
28,1,4,1456,78,1534
27,9,4,1592,23,1615
8,2,4,1784,78,1862
30,2,4,1929,74,2003
3,7,4,2018,44,2062
16,8,4,2062,35,2097
20,8,4,2205,50,2255
17,6,4,2265,56,2321
21,4,4,2361,26,2387
6,10,4,2437,83,2520
33,1,4,2538,3,2541
9,4,4,2610,6,2616
1,9,4,2655,55,2710
15,3,4,2755,39,2794
36,9,4,2804,68,2872
37,4,4,3154,76,3230
22,8,4,3230,78,3308
25,1,4,3308,48,3356
50,8,4,3365,97,3462
49,7,4,3525,15,3540
35,1,4,3545,80,3625
14,6,4,3717,17,3734
31,9,4,3734,40,3774
41,7,4,3788,71,3859
5,5,4,3859,78,3937
19,4,4,3973,96,4069
13,10,4,4076,98,4174
23,9,4,4174,32,4206
7,10,4,4206,28,4234
48,10,4,4234,18,4252
42,9,4,4252,94,4346
46,10,4,4346,60,4406
36,1,3,2,73,75
45,3,3,110,16,126
48,6,3,130,100,230
47,10,3,230,75,305
44,1,3,305,45,350
26,5,3,352,53,405
18,2,3,405,74,479
10,10,3,482,4,486
32,5,3,486,35,521
29,4,3,592,70,662
40,7,3,662,63,725
4,4,3,853,15,868
12,4,3,868,30,898
6,5,3,933,52,985
43,8,3,993,43,1036
50,5,3,1197,30,1227
38,3,3,1298,61,1359
34,10,3,1398,1,1399
27,6,3,1461,29,1490
24,6,3,1609,94,1703
8,1,3,1730,46,1776
20,1,3,1811,19,1830
3,5,3,1855,68,1923
13,8,3,1923,22,1945
30,3,3,2003,36,2039
16,9,3,2097,65,2162
42,1,3,2191,39,2230
21,3,3,2335,26,2361
7,6,3,2389,41,2430
17,10,3,2481,30,2511
1,5,3,2511,31,2542
9,5,3,2619,99,2718
28,3,3,2843,97,2940
15,7,3,2948,57,3005
11,9,3,3008,99,3107
22,6,3,3131,92,3223
37,5,3,3230,50,3280
39,8,3,3334,21,3355
25,2,3,3356,29,3385
49,6,3,3462,63,3525
31,8,3,3686,38,3724
35,4,3,3757,27,3784
46,1,3,3784,7,3791
23,3,3,3867,15,3882
33,9,3,3915,40,3955
41,10,3,3989,12,4001
5,9,3,4041,11,4052
2,8,3,4103,64,4167
14,10,3,4181,31,4212
19,7,3,4212,48,4260
47,1,2,0,20,20
27,2,2,20,4,24
43,1,2,24,98,122
32,1,2,122,69,191
45,5,2,199,46,245
10,6,2,258,32,290
48,9,2,331,11,342
26,7,2,432,62,494
44,2,2,494,60,554
40,8,2,725,18,743
6,3,2,792,90,882
4,6,2,918,54,972
29,10,2,972,2,974
12,7,2,1013,29,1042
16,2,2,1042,68,1110
18,4,2,1148,56,1204
38,1,2,1275,1,1276
34,9,2,1343,55,1398
17,5,2,1636,60,1696
24,8,2,1722,26,1748
3,3,2,1748,88,1836
8,3,2,1866,37,1903
13,9,2,1945,5,1950
20,4,2,2002,39,2041
7,1,2,2047,30,2077
42,2,2,2236,73,2309
30,6,2,2309,80,2389
9,1,2,2455,24,2479
1,6,2,2542,71,2613
33,3,2,2613,66,2679
36,7,2,2679,97,2776
11,8,2,2939,64,3003
15,8,2,3005,27,3032
22,5,2,3100,31,3131
28,9,2,3221,12,3233
49,1,2,3233,49,3282
37,7,2,3323,8,3331
31,1,2,3331,44,3375
14,1,2,3395,97,3492
50,10,2,3544,34,3578
25,7,2,3578,38,3616
5,2,2,3656,57,3713
41,4,2,3713,34,3747
46,4,2,3893,21,3914
19,3,2,3914,59,3973
23,6,2,3973,43,4016
35,10,2,4016,27,4043
2,9,2,4176,86,4262
21,10,2,4369,93,4462
39,10,2,4462,1,4463
26,1,1,1,94,95
47,6,1,106,7,113
15,1,1,113,20,133
10,4,1,151,66,217
48,8,1,278,53,331
29,1,1,332,100,432
32,4,1,473,7,480
40,1,1,480,17,497
36,4,1,524,84,608
12,2,1,608,67,675
44,6,1,690,75,765
4,3,1,765,88,853
6,4,1,882,51,933
43,7,1,954,30,984
34,4,1,1064,55,1119
27,3,1,1213,66,1279
18,6,1,1279,8,1287
45,9,1,1344,66,1410
38,7,1,1490,40,1530
24,5,1,1537,72,1609
11,5,1,1609,51,1660
3,2,1,1683,56,1739
13,6,1,1778,60,1838
30,1,1,1838,91,1929
20,3,1,1929,73,2002
8,9,1,2134,8,2142
16,10,1,2162,86,2248
17,7,1,2321,10,2331
42,4,1,2363,48,2411
7,9,1,2555,1,2556
9,3,1,2575,32,2607
1,8,1,2654,1,2655
2,6,1,2655,90,2745
28,6,1,3117,15,3132
22,7,1,3223,3,3226
37,6,1,3280,43,3323
50,7,1,3323,42,3365
31,2,1,3375,67,3442
49,5,1,3442,20,3462
14,3,1,3537,71,3608
5,1,1,3608,48,3656
41,3,1,3668,42,3710
23,2,1,3795,64,3859
33,8,1,3870,45,3915
46,5,1,3915,24,3939
35,8,1,3939,65,4004
19,5,1,4069,46,4115
21,5,1,4141,13,4154
25,8,1,4252,98,4350
39,9,1,4364,93,4457
