Job,Operation,Machine,Start,Duration,End
5,0,20,81,45,126
6,7,20,195,38,233
2,7,20,234,13,247
12,11,20,346,36,382
4,8,20,382,21,403
13,7,20,403,26,429
11,7,20,485,18,503
16,10,20,538,35,573
19,6,20,789,14,803
10,5,20,803,34,837
18,19,20,841,17,858
15,1,20,873,26,899
14,17,20,1072,16,1088
9,18,20,1095,32,1127
8,12,20,1145,44,1189
3,19,20,1193,31,1224
20,13,20,1229,44,1273
7,19,20,1308,43,1351
1,16,20,1354,43,1397
17,19,20,1456,48,1504
12,3,19,112,18,130
18,0,19,142,38,180
4,4,19,220,43,263
2,9,19,265,14,279
11,0,19,295,22,317
7,2,19,328,32,360
6,19,19,537,49,586
13,19,19,665,17,682
14,6,19,682,46,728
9,7,19,739,22,761
10,4,19,761,41,802
19,8,19,827,10,837
1,10,19,837,49,886
3,10,19,886,22,908
8,11,19,1102,43,1145
5,15,19,1145,21,1166
20,12,19,1182,45,1227
17,12,19,1229,29,1258
16,18,19,1258,27,1285
15,17,19,1371,15,1386
14,2,18,103,43,146
11,1,18,318,22,340
18,8,18,377,15,392
6,15,18,424,35,459
2,16,18,459,40,499
1,0,18,515,13,528
13,13,18,538,33,571
7,11,18,590,48,638
3,3,18,667,46,713
9,9,18,797,26,823
10,8,18,914,29,943
8,9,18,1027,20,1047
15,6,18,1047,31,1078
5,14,18,1108,34,1142
20,11,18,1144,38,1182
17,10,18,1182,31,1213
12,15,18,1249,36,1285
16,19,18,1285,40,1325
19,14,18,1325,11,1336
4,14,18,1336,38,1374
14,0,17,34,39,73
8,6,17,199,39,238
6,9,17,265,38,303
2,12,17,322,30,352
7,3,17,362,37,399
18,9,17,399,31,430
11,6,17,438,47,485
5,5,17,485,10,495
13,16,17,616,11,627
10,0,17,649,32,681
19,5,17,742,47,789
15,2,17,899,14,913
20,6,17,976,46,1022
3,14,17,1037,26,1063
9,19,17,1127,45,1172
16,17,17,1246,12,1258
17,15,17,1343,35,1378
12,19,17,1418,13,1431
4,18,17,1481,11,1492
1,19,17,1492,11,1503
12,6,16,181,20,201
14,5,16,227,34,261
13,3,16,310,10,320
4,7,16,345,34,379
11,3,16,379,31,410
2,15,16,415,41,456
16,7,16,456,24,480
6,18,16,506,31,537
18,12,16,566,41,607
10,2,16,710,30,740
1,9,16,817,10,827
9,13,16,926,43,969
5,12,16,1021,28,1049
3,16,16,1099,23,1122
15,8,16,1122,20,1142
7,15,16,1172,48,1220
8,14,16,1222,22,1244
17,13,16,1258,44,1302
20,15,16,1302,29,1331
19,17,16,1399,15,1414
2,2,15,116,15,131
6,5,15,140,10,150
14,3,15,150,28,178
13,0,15,223,26,249
18,5,15,288,21,309
12,13,15,421,34,455
4,13,15,498,37,535
3,5,15,755,14,769
17,0,15,790,19,809
20,0,15,809,37,846
11,19,15,852,14,866
5,8,15,915,27,942
9,14,15,969,41,1010
16,13,15,1059,40,1099
10,14,15,1104,16,1120
7,14,15,1128,44,1172
15,10,15,1172,10,1182
1,12,15,1240,25,1265
8,17,15,1292,44,1336
19,18,15,1414,10,1424
6,0,14,0,48,48
9,4,14,122,11,133
12,4,14,133,20,153
18,2,14,208,32,240
2,8,14,247,18,265
8,8,14,265,34,299
13,5,14,365,10,375
11,4,14,410,15,425
4,10,14,449,15,464
16,9,14,499,34,533
1,5,14,682,21,703
14,7,14,728,29,757
3,8,14,845,12,857
19,10,14,857,14,871
20,2,14,874,13,887
5,13,14,1055,44,1099
7,13,14,1099,29,1128
10,15,14,1128,20,1148
15,11,14,1187,49,1236
17,16,14,1378,47,1425
9,1,13,14,40,54
6,4,13,118,22,140
8,7,13,239,16,255
4,5,13,266,32,298
11,2,13,345,30,375
7,4,13,405,28,433
13,8,13,433,13,446
2,17,13,499,38,537
5,7,13,537,46,583
1,4,13,653,29,682
18,17,13,770,45,815
17,3,13,883,41,924
14,15,13,1006,46,1052
19,12,13,1052,23,1075
20,9,13,1091,15,1106
3,18,13,1153,31,1184
16,16,13,1203,38,1241
10,17,13,1253,14,1267
12,18,13,1374,44,1418
15,18,13,1418,34,1452
16,0,12,4,37,41
2,6,12,215,19,234
6,10,12,303,16,319
13,9,12,446,35,481
5,6,12,495,40,535
7,9,12,553,20,573
1,2,12,573,35,608
18,13,12,608,48,656
11,12,12,660,42,702
14,9,12,790,40,830
15,0,12,830,41,871
10,7,12,901,11,912
3,12,12,923,35,958
17,5,12,969,40,1009
9,16,12,1044,21,1065
20,10,12,1106,38,1144
8,16,12,1262,28,1290
12,16,12,1290,38,1328
19,15,12,1336,23,1359
4,19,12,1492,36,1528
14,1,11,76,24,100
4,1,11,100,24,124
9,5,11,133,13,146
2,4,11,159,10,169
16,2,11,305,31,336
18,11,11,457,25,482
6,17,11,491,15,506
7,7,11,506,37,543
13,15,11,582,34,616
19,1,11,616,40,656
11,16,11,761,43,804
3,7,11,818,20,838
20,1,11,846,28,874
1,11,11,886,43,929
10,9,11,944,37,981
17,6,11,1009,46,1055
8,10,11,1055,47,1102
15,9,11,1142,25,1167
5,16,11,1167,27,1194
12,17,11,1328,46,1374
8,0,10,12,20,32
9,6,10,146,47,193
5,3,10,193,23,216
18,3,10,240,30,270
7,0,10,270,19,289
12,9,10,289,35,324
13,4,10,324,41,365
6,14,10,391,33,424
16,6,10,425,30,455
4,12,10,474,24,498
2,19,10,566,39,605
19,2,10,656,16,672
11,18,10,825,27,852
10,6,10,874,22,896
3,11,10,908,15,923
14,12,10,923,15,938
15,7,10,1078,43,1121
20,14,10,1277,16,1293
17,17,10,1425,21,1446
1,18,10,1446,36,1482
9,2,9,54,19,73
2,0,9,73,21,94
6,6,9,150,45,195
12,7,9,227,36,263
13,14,9,571,11,582
16,11,9,582,42,624
3,2,9,630,32,662
11,15,9,736,25,761
18,18,9,815,26,841
17,2,9,844,39,883
5,9,9,942,13,955
14,14,9,964,40,1004
20,7,9,1022,39,1061
8,13,9,1189,29,1218
7,16,9,1220,21,1241
15,12,9,1241,32,1273
1,13,9,1273,25,1298
10,19,9,1298,43,1341
19,16,9,1359,40,1399
4,16,9,1415,34,1449
9,0,8,0,14,14
6,3,8,104,14,118
8,5,8,166,28,194
5,4,8,216,41,257
18,4,8,270,17,287
12,10,8,324,22,346
16,3,8,346,42,388
4,9,8,403,46,449
13,12,8,514,24,538
2,18,8,538,28,566
11,10,8,566,46,612
10,1,8,685,22,707
1,6,8,711,40,751
14,10,8,838,24,862
3,13,8,1010,27,1037
17,8,8,1103,37,1140
7,18,8,1272,36,1308
15,14,8,1309,19,1328
20,18,8,1396,35,1431
19,19,8,1431,46,1477
8,1,7,39,43,82
2,1,7,94,22,116
4,3,7,168,44,212
6,8,7,233,32,265
12,8,7,265,24,289
13,6,7,375,26,401
11,8,7,503,33,536
7,12,7,638,44,682
18,15,7,704,36,740
10,3,7,740,18,758
14,8,7,758,31,789
19,9,7,837,14,851
3,9,7,863,23,886
9,12,7,907,19,926
17,7,7,1055,48,1103
16,15,7,1153,42,1195
5,18,7,1215,37,1252
15,13,7,1273,36,1309
1,15,7,1338,16,1354
20,17,7,1375,20,1395
12,0,6,0,48,48
16,1,6,48,48,96
8,3,6,100,22,122
2,3,6,131,28,159
5,2,6,159,34,193
7,1,6,289,33,322
6,13,6,351,40,391
18,10,6,430,27,457
4,11,6,464,10,474
13,10,6,481,22,503
19,3,6,672,36,708
11,17,6,804,21,825
9,11,6,870,37,907
17,4,6,924,45,969
15,5,6,1028,16,1044
14,16,6,1054,18,1072
3,15,6,1072,27,1099
10,18,6,1273,24,1297
20,16,6,1335,33,1368
1,17,6,1397,48,1445
4,0,5,67,31,98
2,11,5,291,21,312
6,11,5,319,20,339
18,7,5,339,37,376
11,5,5,425,13,438
12,14,5,455,49,504
7,8,5,543,10,553
3,0,5,556,39,595
1,3,5,608,45,653
13,18,5,653,12,665
19,4,5,708,34,742
5,10,5,955,20,975
10,10,5,983,30,1013
9,17,5,1065,30,1095
14,18,5,1095,14,1109
16,14,5,1109,39,1148
17,11,5,1213,16,1229
8,15,5,1248,14,1262
15,15,5,1328,23,1351
20,19,5,1439,34,1473
6,2,4,82,22,104
4,2,4,126,34,160
14,4,4,178,49,227
2,10,4,279,11,290
12,12,4,382,39,421
7,5,4,440,16,456
11,9,4,536,30,566
3,1,4,601,28,629
13,17,4,629,22,651
18,14,4,656,48,704
1,8,4,800,16,816
9,10,4,823,47,870
15,3,4,920,47,967
19,11,4,1012,30,1042
16,12,4,1047,10,1057
20,8,4,1061,30,1091
17,9,4,1146,30,1176
10,16,4,1227,26,1253
5,19,4,1253,30,1283
8,19,4,1376,28,1404
6,1,3,48,34,82
12,2,3,89,21,110
8,4,3,127,33,160
2,5,3,169,46,215
13,2,3,290,11,301
4,6,3,301,35,336
16,4,3,388,24,412
7,6,3,466,40,506
1,1,3,537,26,563
11,11,3,612,48,660
18,16,3,740,30,770
9,8,3,770,27,797
20,4,3,915,18,933
14,13,3,938,26,964
5,11,3,978,40,1018
10,11,3,1018,25,1043
19,13,3,1075,37,1112
3,17,3,1122,27,1149
15,16,3,1351,20,1371
17,18,3,1446,10,1456
12,1,2,48,39,87
8,2,2,87,13,100
5,1,2,132,23,155
13,1,2,256,32,288
18,6,2,317,14,331
2,13,2,362,29,391
16,5,2,412,13,425
6,16,2,459,32,491
7,10,2,573,17,590
19,0,2,590,17,607
11,14,2,720,16,736
3,6,2,773,44,817
17,1,2,817,27,844
14,11,2,867,47,914
20,5,2,933,43,976
9,15,2,1010,34,1044
10,12,2,1044,27,1071
1,14,2,1298,40,1338
4,15,2,1374,41,1415
15,19,2,1452,33,1485
9,3,1,73,49,122
12,5,1,153,28,181
18,1,1,181,27,208
6,12,1,339,12,351
2,14,1,391,16,407
16,8,1,480,19,499
13,11,1,503,11,514
11,13,1,702,18,720
3,4,1,720,35,755
1,7,1,755,45,800
19,7,1,803,24,827
20,3,1,887,28,915
15,4,1,975,49,1024
10,13,1,1071,31,1102
14,19,1,1109,21,1130
5,17,1,1200,12,1212
7,17,1,1241,31,1272
17,14,1,1302,41,1343
8,18,1,1343,33,1376
4,17,1,1449,32,1481
